50317
93765
94757
94826
260359577
50293
534521
144218
759944
94746
94815
87392129
76039
117180
71751412
30560191
57960197
135410207
34256821
135158542
50594666
74070465
101007061
915972177
15972608
116063
91315150
93710
55634918
67375308
20859738
865318974
834128
129909906
120923377
858956088
150114719
348635870
33089611
61825
101053
64249010
3337711
1610179
1912249
60207310
11141176
68049832
35575963
120162552
2642719
86500
4658280
41083118
131860338
101279
113614087
71626114
25059807
22781233
1861401
82560541
68505691
15310017
17804352
83055996
741582
17606314
25057890
156963665
82692442
1072957711
29104301
1929880
1820573270
65731842
352010685
149877418
42576023
82657043
35597434
485314
28434017
125401925
201593842
55179312
581809463
81777959
10043353
188425856
1207727045
314409
74712199
13181174
18181801
1689845
3042840
116255482
41483436
69327760
23184669
134605644
36335678
87310563
34681102
34681237
33629479
138164122
3766607
2008415
95465999
125306834
6/1/2425
133062
63252
10605217
16118493
1563662
55285148
5234684
128639021
104030548
1/2/2439
32861851
133904
9/2/2164
500008457
580483
13360457
1967164
57749
54593838
85347
122453730
470906
71422678
1698608
90982324
24934916
1836777
2675776
15545489
1982474
23121995
101213
2921882
5598130
64902723
1861321
1918134
84332865
143807663
87818313
94593916
105512069
74115245
81777891
84496560
95480334
1702176
147150354
210880925
56724
850881708
99485764
21725462
2636262
736994631
120116883
1031756985
1134232
1460292163
499231242
136849155
101205021
560121520
180409603
400882077
68359375
122008859
68085858
13121705
57966957
52315078
48134754
39515407
22936863
94361065
121552612
66215278
231937896
42609529
75990
533744
24353580
52918635
919868
13684565
1014693
80060099
333415
1918009
1194656
957144773
1085989
120365
62737
139920324
51338273
62865365
99309
1263629395
145701219
115322
141662
38727558
87130209
119446683
14214325
49866877
162320674
35367385
83164334
109293972
130339070
34205215
61432551
24096535
50563365
22936750
87674688
5221534
60515
110488705
149961524
1403615779
83657243
29091052
39300453
4097363
88857
165252700
1420071
957517
4147517
2764729
85007
298044
3347226
97886458
330541
1593777
17109498
6616804
155569918
54406483
115297
238410112
133855988
353292316
66230044
85785202
60207934
162650773
55283686
97780068
30043493
29973135
563122
181587019
23947606
26225796
13194484
126801589
2544947
80844071
153233911
2593159
131807573
161326347
366815396
22224926
60168889
120928098
114369436
13356086
24691803
126833178
122145
3766812
93721
115852487
66441234
639826167
72490018
74738173
39515418
67306007
67564914
473798593
134098616
1342891706
73519503
55389
900958
76879
158237071
101428
51630581
14484641
89269647
120068373
90134591
104040780
158062670
145701231
943832813
1390661729
229977939
79241466
69806504
79622596
272451657
181274179
412928757
33245395
131341861
318290981
142459583
918162024
1383809877
98967409
87546187
103361097
84478524
211867479
2164172
239110157
1309859399
658066354
15457053
77501907
13738631
33439451
1360819119
361377299
119126157
756092
951659408
144740545
136426545
59756604
61213250
69377817
96525234
85509199
106917526
117337196
958647104
66332965
76674210
1309448085
907204313
133073
72178020
173159574
22259309
59682529
39148248
98886443
3878191
57646307
123572883
65907304
76703623
77182822
1071836
145020048
943832608
111872583
112226616
100784201
69806402
23560590
79983714
86479063
51235042
78587050
67485294
10004441
35554440
81405858
114311329
104098488
81334341
81335377
81335775
122548338
86598927
140163899
138261413
13516273 | 115044194
72963725
133220301
950782862
173584446
1352994672
144550367
1689834
125225287
212201702
26087478
36734197
140923177
2061933853
25311711
875915789
1255734281
57052047
2631405
33820530
50512351
34123596
881685581
224049041
55861784
82558507
141112290
87757184
18854018
6980183
42588374
143390890
77501634
91465086
8/1/2164
330552
103055078
121755
1/7/8018
173662970
374726622
12427382
2595542
93652
3996596
73250687
1417782036
53780340
110235477
55814410
131726
208465218
104206828
57837191
70630170
137428
256412892
41394052
67129082
868680846
125116236
18691979
10265926
66952496
2032657
403640277
16752775
40596698
841065
72435
161050584
111578326
3060897
51218452
1129415
133408501
139528851
19937598
220899036
21087649
74223646
1472649016
1799297769
2212671
7287367
6923224
1746812
150685
7411474
88671890
65472880
300765
52570168
15299997
132661
555373
111991094
54115
150824478
4726141
1836755
27314132
116714466
121451023
63284719
26530201
58810483
1113026
34622587
213464778
248593160
19044883
39807153
19666309
77732093
23135220
144651069
1003318679
153197149
14698294
134074649
5259881
301122
42874033
79572
4685147
1910425
56382
298000
1114712
101903304
66246886
66063056
40487421
494793678
219714962
2307688
183675823
110956757
37924133
52645531
106700292
57375630
13684634
26002802
3/7/2597
298022
2310170
732116
14816183
500207045
2/1/1918
137641055
117428225
243973208
23103982
29232937
19396066
23031369
51218496
86209510
27605761
67747095
32889488
32809168
29091212
41198087
26399360
139001493
68228182
7287196
1918167
24579735
709988
111479051
2312358
139402
31218834
122429
60207901
12071839
86763475
114261
181274157
570415882
23950585
189278124
52888809
94125345
19622083
19622196
178928706
34643464
21267721
1228284647
926914558
123312890
77458016
158353152
175013180
129630199
915410707
862588112
365400119
942515631
58011680
13457186
93697746
71561110
799247522
88678675
96489713
179101816
119120
55512339
88283414
337458272
135186786
53112280
105779780
136191645
221205909
868390903
688046619
95737681
847749375
123343168
57369321
447399555
422556089
13593038
84087014
90717036
2797515
124495187
82688
76578148
10453868
122931480
372137354
7286693
26259450
874967676
74051802
1982496
105024666
175217206
122349
149508907
1014706
168316958
148477718
283594901
1229023000
203313251
118134308
57921
3810740
99105778
122836355
4151502
74222972
141776321
3689245
946578003
102851069
107534963
119168773
376645782
96182535
35256850
34014181
76280916
83121180
79538322
473278761
335104842
3383968
149979419
5902512
13071799
33693048
5915413
886500
22248799
112281773
116290
7696120
1229654663
96491053
148798
111988499
153719234
25366238
117718602
317815831
79277273
130000407
28249776
31895213
59669260
640153
23564069
23564058
52207484
137268
223580516
1220411299
36756793
330459319
57018049
129558765
911499622
1101132675
731271
210631688
87820880
66841256
2303175
43121433
55219653
874195616
82097505
112143825
131475575
24017478
72459586
101200480
52686
55335063
902760401
41814782
24602866
58138082
1912261
141517217
199119589
1258836724
1263133330
68694111
64628440
1582098
126535157
26644462
131983727 | 138182180
142469145
37248478
283159900
2275232
1929777
50471448
10/7/2425
1315501188
12122677
137304
156052685
92524
27355222
91161716
2079007
55406536
639587
413615357
3478942
7704349
10/7/3566
3234626
9006422
1897456
41205214
298146
9008224
10/3/2439
112050
42609734
112801
75605
79540504
2163806
51337714
99129212
142891201
24151937
1918189
3/7/4767
145733
1610180
64529562
314421
3408977
1254304227
98011
74839
76062
624920
542756
137417
74884
75150
96128
57067
113036887
2686999
2655143
39196184
83130012
2104645
24353615
2274671
298011
83794
139968493
1314847
7803512
1305993
151508
143339
58769203
584792
28434006
71697591
63935386
41096462
2699798
1303964
12280034
28300745
